Clone,TCH,CCS,REDROT
KQ10-1602,1.4427,0.5029,4.282285669566
KQ10-1754,11.2044,0.0661,-1.53115503959074
KQ11-1388,-0.1986,0.6944,-1.30756116616164
KQ11-1584,7.9067,1.4455,0.481189821271209
KQ12-6441,-7.6782,-0.008,-0.636779545874319
KQ12-6442,-23.6661,-0.7425,-1.08396729273253
KQ12-6453,-23.7054,0.2072,-1.53115503959074
KQ12-6457,1.976,0.5683,-1.53115503959074
KQ12-6459,-4.3791,0.724,-0.860373419303424
KQ13-1006,7.3834,-1.4826,-1.53115503959074
KQ13-1010,-0.4115,0.3877,0.0340020744129976
KQ13-1015,-2.6385,0.378,1.59915918841674
KQ13-1016,27.9127,-1.0005,-1.53115503959074
KQ13-1022,-5.2334,-1.067,-1.53115503959074
KQ13-1024,13.2374,0.0041,-1.30756116616164
KQ13-1029,-11.2142,-1.1272,-0.860373419303424
KQ13-1035,14.0289,-1.0542,-1.53115503959074
KQ13-1037,12.8122,0.4649,-1.08396729273253
KQ13-1039,-2.7453,-0.1691,-0.189591799016108
KQ13-1046,21.1616,-0.912,-1.53115503959074
KQ13-1062,10.5332,0.2606,4.0586917961369
KQ13-1074,22.7784,-0.2788,1.82275306184584
KQ13-1824,18.3873,-0.4499,-1.53115503959074
KQ13-1894,12.9345,0.7894,-1.30756116616164
KQ13-1898,13.7402,0.0402,1.59915918841674
KQ13-1919,2.0302,0.3288,4.282285669566
KQ13-2306,4.6286,0.4984,-0.860373419303424
KQ13-2347,1.218,-0.4198,-0.860373419303424
KQ13-2369,16.4673,0.0679,0.704783694700314
KQ13-2410,5.1788,0.4668,-0.189591799016108
KQ13-2419,11.8691,-0.302,-1.53115503959074
KQ13-2457,5.1385,-0.2907,1.15197144155853
KQ13-2474,6.9455,0.4066,0.257595947842103
KQ13-2475,9.4698,-0.5536,-0.636779545874319
KQ13-2493,12.6514,0.0755,3.38791017584958
KQ13-2512,-2.9073,-0.0411,-1.53115503959074
KQ13-2528,19.8434,0.3817,4.95306728985332
KQ228,28.5091,0.8486,0.481189821271209
KQB12-36392,6.7644,0.0375,-0.860373419303424
KQB12-36414,-2.0972,-0.474,-1.53115503959074
KQB12-36415,13.7706,-0.4421,-1.53115503959074
KQB12-36542,-9.4106,-1.1288,-0.413185672445213
KQB12-36543,-7.0813,-0.0304,-1.08396729273253
KQB12-36549,18.7311,0.3158,-1.53115503959074
KQB12-36551,6.1894,0.726,-0.860373419303424
KQB12-36552,17.1932,0.0281,2.49353468213316
KQB12-36553,-10.957,-0.3118,-0.189591799016108
KQB12-36557,-14.5768,0.0159,-1.30756116616164
Q183,1.9839,1.102,-0.636779545874319
Q200,-0.1679,0.6968,-1.53115503959074
Q208,7.2712,0.5815,-1.08396729273253
Q240,11.9382,0.3506,-1.53115503959074
QA09-1049,18.3638,1.0082,3.16431630242047
QA09-1589,27.3218,1.1795,-1.53115503959074
QA10-1130,30.1951,0.696,3.6186774736583
QC03-6066,-23.5661,-0.4532,0.704783694700314
QC03-743,8.2089,-0.4864,-0.860373419303424
QC04-1420,-7.6228,0.5376,-1.53115503959074
QC04-6104,17.9588,-0.0919,5.84744278356974
QC04-874,11.4092,-0.9938,-1.53115503959074
QC04-893,11.3807,0.1866,0.0340020744129976
QC05-316,15.7561,0.2851,-1.32643238558239
QK10-2123,11.2525,0.2066,-0.860373419303424
QK13-1094,-4.2868,0.2191,1.37556531498763
QK13-1100,-0.3039,0.1982,-1.53115503959074
QK13-1110,-10.4879,-0.7468,5.17666116328242
QK13-1112,-3.1052,0.352,-0.860373419303424
QK13-1114,1.2902,-0.6967,-1.53115503959074
QK13-1115,6.1739,0.5203,-1.53115503959074
QK13-1121,8.9023,-0.3205,-0.860373419303424
QK13-1133,-24.3661,-1.949,2.26994080870405
QK13-1170,7.8123,0.1893,-1.53115503959074
QK13-1173,4.4056,0.3878,-1.08396729273253
QK13-1181,-14.9935,0.0786,-1.08396729273253
QK13-1185,6.9669,-0.0629,-1.53115503959074
QK13-1186,-0.5118,0.7326,-1.53115503959074
QK13-1187,-7.5366,0.8106,-1.53115503959074
QK13-1192,6.4281,-0.6084,-1.53115503959074
QK13-1194,14.4796,0.0471,-1.53115503959074
QK13-1197,-3.0663,-0.0838,-1.53115503959074
QK13-1212,3.7921,-0.1008,-1.30756116616164
QK13-1222,8.171,0.7834,-1.53115503959074
QK13-1239,3.5261,-0.0524,-1.53115503959074
QK13-1240,-3.1394,0.5153,-0.413185672445213
QK13-1252,8.7349,0.2958,1.59915918841674
QK13-1284,-4.3309,-0.221,3.70909134562366
QK13-1303,-5.744,-0.0651,4.95306728985332
QK13-1346,-17.843,0.9596,6.51822440385706
QK13-1349,-11.0888,1.4173,4.95306728985332
QK13-1360,-26.5783,-0.6383,-0.860373419303424
QK13-1361,2.3047,-0.2072,-1.08396729273253
QK13-1373,6.112,0.2074,-0.860373419303424
QK13-1378,-3.4909,0.114,1.59915918841674
QK13-1386,1.845,0.3817,4.95306728985332
QK13-1396,-13.5816,-0.1973,4.95306728985332
QK13-1410,6.2218,-0.1581,0.257595947842103
QK13-1412,5.0668,0.0971,6.07103665699885
QK13-1416,0.0819,-0.8355,0.704783694700314
QK13-1418,23.1859,-0.643,-0.189591799016108
QK13-1457,7.2755,-0.1986,-1.53115503959074
QK13-1465,0.0082,-1.6112,-1.53115503959074
QK13-1479,3.8811,0.4468,0.92837756812942
QK13-1488,4.7038,0.2821,-1.53115503959074
QK13-1494,-8.8283,-0.5432,-1.30756116616164
QK13-1503,9.8487,0.7192,-1.30756116616164
QK13-1531,-5.0612,0.8219,0.92837756812942
QK13-1539,-14.4561,0.5477,0.257595947842103
QK13-1547,-4.8894,1.4297,0.257595947842103
QK13-1552,-4.9326,1.0313,-1.53115503959074
QK13-1563,13.9005,-0.5389,-1.30756116616164
QK13-1569,-12.6754,-0.3251,3.83509792270779
QK13-1572,10.9593,-0.4314,4.50587954299511
QK13-1577,3.4198,0.0015,-1.53115503959074
QK13-1583,-2.6893,-0.0867,1.15197144155853
QK13-1594,-1.1686,-0.4221,-1.53115503959074
QK13-1612,0.5276,-0.1343,-1.53115503959074
QK13-1658,-8.8762,-0.5975,-1.30756116616164
QK13-1666,-10.7169,-1.1953,-0.636779545874319
QK13-1667,-5.1769,-0.3145,-1.53115503959074
QK13-1668,4.0583,-1.3735,-1.53115503959074
QK13-1669,-5.6468,-0.2941,-1.08396729273253
QK13-1681,-5.4392,-0.3377,-1.53115503959074
QK13-1702,-27.1579,1.0932,0.92837756812942
QK13-1703,8.8811,-1.0297,-1.53115503959074
QK13-1714,1.7556,-0.3662,-1.53115503959074
QK13-1715,-4.1007,-0.3513,0.0340020744129976
QK13-1722,-25.7368,-0.3127,-1.30756116616164
QK13-1724,-5.2974,-0.2816,5.62384891014063
QK13-1734,4.3249,0.9593,-0.636779545874319
QK13-1740,-14.5048,0.1366,-0.189591799016108
QK13-1753,1.8267,0.5996,-1.30756116616164
QK13-1757,5.3913,-0.3076,-0.413185672445213
QK13-1932,-7.9085,0.1064,-1.08396729273253
QK13-1934,13.7067,-0.1673,-1.53115503959074
QK13-1948,-7.4532,0.3123,-1.30756116616164
QK13-1949,-1.4484,0.8448,-1.08396729273253
QK13-1950,1.112,-0.0415,-0.860373419303424
QK13-1974,-5.2804,-1.1495,-0.860373419303424
QK13-1976,-2.6068,-0.234,4.95306728985332
QK13-1982,2.6726,-0.9568,-0.860373419303424
QK13-1986,-11.3989,1.0387,-0.189591799016108
QK13-2052,7.8374,-0.4264,-0.636779545874319
QK13-2072,-6.8983,0.3191,0.0340020744129976
QK13-2130,6.7538,0.6236,-1.53115503959074
QK13-2164,-3.8573,0.1259,2.04634693527495
QK13-2166,-1.5068,0.3502,-1.53115503959074
QK13-2168,-8.7048,-0.184,-1.08396729273253
QK13-2169,-11.834,0.3176,-1.30756116616164
QK13-2170,-0.7066,0.397,-1.53115503959074
QK13-2171,-11.2716,-0.3865,-0.636779545874319
QK13-2174,-0.3808,-0.0444,-1.53115503959074
QK13-2176,-7.3069,0.1957,-1.53115503959074
QK13-2186,-26.3472,-0.2753,6.07103665699885
QK13-2211,13.7519,-0.6223,-0.636779545874319
QK13-2247,-15.5153,-0.1002,-0.413185672445213
QK13-2265,-13.2392,-0.2225,-1.08396729273253
QK13-2278,-14.1382,0.5553,-0.860373419303424
QK13-2294,5.9046,0.4585,-1.08396729273253
QN05-1778,-17.5972,-0.3496,-0.636779545874319
QN07-955,20.4127,-0.0178,-0.636779545874319
QS06-8106,-1.1665,0.8679,-1.53115503959074
QS07-8200,-15.311,0.6399,1.82275306184584
QS07-8815,-2.4722,-0.8386,-0.860373419303424
QS07-9787,5.3062,-0.8104,-1.53115503959074
QS08-2113,-5.6185,1.227,-1.30756116616164
QS08-220,-8.9725,-0.6121,-1.53115503959074
QS08-401,-3.6995,0.7197,-1.08396729273253
QS08-468,10.7401,-0.4634,5.84744278356974
QS08-724,-14.0213,-0.982,-0.636779545874319
QS08-7636,-9.9806,0.8688,-0.636779545874319
QS08-8041,-8.6226,0.9189,-1.08396729273253
QS08-8460,-11.0337,1.0018,-0.636779545874319
QS08-8662,12.9053,1.2931,-0.636779545874319
QS08-867,-10.9874,0.3405,-1.08396729273253
QS08-878,-5.8541,0.2044,0.92837756812942
QS08-8810,4.0312,1.0025,2.04634693527495
QS08-9474,3.4887,0.3697,3.83509792270779
QS08-984,-17.9361,-0.564,-1.30756116616164
QS10-7065,14.9604,0.4566,-1.30756116616164
QS10-7066,1.0658,0.627,2.94072242899137
QS10-7087,15.6557,0.3413,-1.53115503959074
QS10-7130,18.2319,-0.7718,-0.189591799016108
QS10-7139,11.5891,-0.4372,0.704783694700314
QS10-7173,-15.5084,0.2491,-0.189591799016108
QS10-7196,5.6728,0.3333,-1.53115503959074
QS10-7210,12.6686,-0.6223,2.04634693527495
QS10-7253,-16.1948,0.5221,-1.30756116616164
QS10-7268,0.2103,-0.2731,5.62384891014063
QS10-7276,4.0943,-0.5152,0.704783694700314
QS10-7315,7.0918,1.4157,-1.08396729273253
QS10-7328,4.7644,-0.5667,-1.53115503959074
QS10-7333,17.4106,-0.0186,-1.30756116616164
QS10-7336,-2.0349,-0.6834,-1.53115503959074
QS10-7340,-13.6908,0.0544,-1.53115503959074
QS10-7424,-4.0981,-1.1504,2.94072242899137
QS10-7491,-8.3649,0.1537,0.257595947842103
QS10-7499,11.0736,0.8912,4.72947341642421
QS10-7511,-8.4576,0.4154,-1.53115503959074
QS10-7513,7.2854,-0.2924,-1.30756116616164
QS10-7526,4.1908,-0.0119,-1.53115503959074
QS10-7536,18.075,0.9582,-1.53115503959074
QS10-7561,-19.0109,0.0536,-1.53115503959074
QS10-7567,21.0344,-0.497,-1.53115503959074
QS10-7569,4.8255,-0.3598,-1.53115503959074
QS10-7627,-5.6317,0.1916,-1.53115503959074
QS10-7628,-14.4804,-0.0263,-1.53115503959074
QS10-7642,-21.492,0.3363,-0.860373419303424
QS10-7644,-3.125,-0.3642,-1.53115503959074
QS10-7653,3.894,-0.5094,-1.53115503959074
QS10-7660,-3.59,1.0015,-1.30756116616164
QS10-7678,2.7342,-0.4311,-0.636779545874319
QS10-7680,15.994,-0.2626,-1.08396729273253
QS10-7699,0.5751,0.334,-1.53115503959074
QS10-7701,3.1189,0.3715,-1.53115503959074
QS10-7703,-1.204,-0.4305,-0.413185672445213
QS10-7717,-4.3114,-0.5132,-1.30756116616164
QS10-7742,-18.3644,-0.3471,1.82275306184584
QS10-7749,19.6783,0.0598,-1.53115503959074
QS10-7769,4.2362,0.6723,-1.53115503959074
QS10-7805,-3.3055,-1.459,0.704783694700314
QS10-7839,-8.6168,0.1941,0.0340020744129976
QS10-7877,-17.4444,-1.0374,-1.53115503959074
QS10-7916,-2.2929,1.1961,-1.53115503959074
QS10-7917,-18.508,1.1695,-0.189591799016108
QS10-7918,5.9086,0.5896,0.257595947842103
QS10-7953,16.3109,0.2707,0.481189821271209
QS10-7966,8.0627,-0.0626,-0.860373419303424
QS10-7972,-9.0638,-0.0832,-0.636779545874319
QS10-7995,-29.0004,0.1986,-1.53115503959074
QS10-8004,-12.962,-0.449,-1.53115503959074
QS10-8025,7.2811,-0.4493,-0.860373419303424
QS10-8087,3.6661,0.7093,4.95306728985332
QS10-8107,-3.4896,0.6471,-1.30756116616164
QS10-8134,1.993,-0.5254,-1.53115503959074
QS10-8146,12.1376,0.2364,-0.413185672445213
QS10-8186,-3.3349,-0.2022,0.0340020744129976
QS10-8189,1.2671,0.2186,0.92837756812942
QS10-8191,-17.2494,1.1079,-0.636779545874319
QS10-8213,20.8458,0.1884,3.83509792270779
QS10-8221,-2.5089,-0.349,-1.30756116616164
QS10-8242,-7.576,0.5097,5.62384891014063
QS10-8249,14.7531,0.1715,-1.53115503959074
QS10-8311,9.1212,-0.2327,-1.53115503959074
QS10-8337,-21.3359,0.4599,-0.860373419303424
QS10-8340,-8.099,0.3673,6.07103665699885
QS10-8366,-4.3589,0.6246,-0.636779545874319
QS10-8372,7.8389,-0.5726,3.83509792270779
QS10-8415,11.3901,-0.6239,-1.53115503959074
QS10-8422,4.1625,0.2898,-1.53115503959074
QS10-8498,12.7037,-0.312,-1.30756116616164
QS10-8551,11.0639,-0.5801,-1.61652749908297
QS10-8577,6.8428,-0.2126,-1.53115503959074
QS10-8657,-27.6114,-1.2324,-1.53115503959074
QS10-8686,-2.3383,0.5923,1.37556531498763
QS10-8697,10.6743,0.1976,2.94072242899137
QS10-8718,6.3723,0.294,-0.860373419303424
QS10-8720,5.6974,-0.6858,1.59915918841674
QS10-8748,1.4891,0.0716,-0.636779545874319
QS10-8749,-12.3461,-0.2399,-1.53115503959074
QS10-8762,-0.1341,-1.5555,-1.53115503959074
QS10-8770,10.5956,-0.0901,-1.08396729273253
QS10-8771,-7.0531,-0.737,-1.30756116616164
QS10-8782,-14.4069,-0.0778,-1.53115503959074
QS10-8788,5.0279,0.2716,-1.53115503959074
QS10-8791,-8.2939,-0.8359,-1.53115503959074
QS10-8798,8.5905,-0.934,5.62384891014063
QS10-8879,0.0874,-0.3162,-0.636779545874319
QS10-8900,17.6603,0.5262,2.04634693527495
QS10-8901,-6.8521,0.5385,-0.189591799016108
QS10-8906,-12.739,0.1346,-1.08396729273253
QS10-8942,-10.9575,0.7329,0.0340020744129976
QS10-8952,-1.2455,-0.7633,-1.53115503959074
QS10-8967,-1.6935,-0.2312,5.40025503671153
QS10-8989,-0.732,0.9942,3.16431630242047
QS10-8998,9.4712,-0.6555,2.26994080870405
QS10-9007,-0.4043,0.2693,-1.53115503959074
QS10-9032,-5.0509,0.2844,4.282285669566
QS10-9057,5.4261,0.0651,-1.08396729273253
QS10-9066,-8.5928,-1.0501,-1.30756116616164
QS10-9071,15.3983,0.4758,-1.08396729273253
QS10-9083,13.4345,0.3702,-1.53115503959074
QS10-9092,-16.7767,-0.1495,6.51822440385706
QS10-9094,-2.9771,-0.7584,2.71712855556226
QS10-9097,7.3632,0.3236,-0.860373419303424
QS10-9157,-27.2373,0.0553,-1.53115503959074
QS10-9174,-31.6254,-0.4971,-1.53115503959074
QS10-9220,-0.3858,-1.9625,-1.53115503959074
QS10-9243,-0.4915,-0.0981,1.59915918841674
QS10-9245,13.4407,-0.1376,-1.53115503959074
QS10-9248,3.1548,-0.4822,1.82275306184584
QS10-9252,-9.3752,-0.4288,-1.53115503959074
QS10-9282,-14.9697,-0.1125,3.16431630242047
QS10-9349,-4.6952,0.0016,-1.30756116616164
QS10-9351,-2.1823,-1.0831,-1.53115503959074
QS10-9361,-2.407,0.5053,-1.53115503959074
QS10-9382,4.56,-0.9357,-1.53115503959074
QS10-9385,2.0691,-0.1862,-1.53115503959074
QS10-9391,5.3371,-0.4478,-1.53115503959074
QS10-9392,-4.4878,-0.2166,-0.636779545874319
QS10-9481,0.627,-0.262,-1.53115503959074
QS10-9502,-7.3336,-0.8994,-0.860373419303424
QS10-9511,-1.742,0.024,-1.30756116616164
QS10-9530,1.6913,1.0751,-0.413185672445213
QS10-9544,-5.8129,-0.1772,-0.413185672445213
QS10-9560,-19.9622,0.0918,-0.636779545874319
