TrialCrop,Clone,Nrow,Nplot,Rep,tch,ccs
KAL16-320,QS10-8657,1,1,1,101.97,14.93
KAL16-320,QS10-9530,2,1,1,109.21,16.78
KAL16-320,QK13-1734,3,1,1,115.79,17.16
KAL16-320,QS08-724,4,1,1,102.63,12.78
KAL16-320,KQ13-2474,5,1,1,103.95,14.26
KAL16-320,QS10-7268,6,1,1,102.63,14.53
KAL16-320,KQB12-36542,7,1,1,71.71,
KAL16-320,KQ13-1047,8,1,1,115.79,14.23
KAL16-320,QS08-8460,9,1,1,105.26,16.27
KAL16-320,QK13-1757,10,1,1,126.32,15.98
KAL16-320,QK13-1612,11,1,1,100.66,15.38
KAL16-320,QC04-1420,12,1,1,111.18,16.74
KAL16-320,KQ13-1016,13,1,1,155.26,15
KAL16-320,QK13-1681,14,1,1,94.08,15.21
KAL16-320,KQB12-36543,15,1,1,112.83,14.98
KAL16-320,QS10-7953,16,1,1,152.96,14.93
KAL16-320,KQ12-6442,1,2,1,100.33,13.21
KAL16-320,QK13-2168,2,2,1,115.79,13.63
KAL16-320,KQB12-36414,3,2,1,109.87,11.87
KAL16-320,QK13-1114,4,2,1,149.34,15.43
KAL16-320,QK13-1416,5,2,1,115.79,15.83
KAL16-320,QS10-8952,6,2,1,146.71,12.84
KAL16-320,SRA10,7,2,1,178.95,15.73
KAL16-320,QS10-8720,8,2,1,134.21,12.83
KAL16-320,QS10-7660,9,2,1,140.79,15.79
KAL16-320,QS10-9560,10,2,1,98.03,16.81
KAL16-320,QK13-1346,11,2,1,94.08,17.95
KAL16-320,Q183,12,2,1,142.76,17.57
KAL16-320,QS10-8791,13,2,1,148.68,
KAL16-320,QS10-7526,14,2,1,138.49,15.82
KAL16-320,QK13-1932,15,2,1,137.5,16.26
KAL16-320,QS10-8311,16,2,1,143.42,16.05
KAL16-320,QK13-1949,1,3,1,128.29,16.66
KAL16-320,KQ13-2369,2,3,1,160.53,15.59
KAL16-320,QS10-7336,3,3,1,129.61,14.16
KAL16-320,QA09-1589,4,3,1,176.32,14.36
KAL16-320,QK13-1212,5,3,1,168.42,14.18
KAL16-320,QS10-8415,6,3,1,143.42,14.56
KAL16-320,QS10-7130,7,3,1,157.24,15.56
KAL16-320,KQ13-2512,8,3,1,109.87,15.12
KAL16-320,QK13-1986,9,3,1,107.89,16.07
KAL16-320,QK13-1284,10,3,1,142.11,14.75
KAL16-320,QK13-1539,11,3,1,89.47,13.14
KAL16-320,KQ13-1037,12,3,1,151.97,16.14
KAL16-320,QK13-1753,13,3,1,143.42,16.32
KAL16-320,QK13-1396,14,3,1,115.79,15.71
KAL16-320,Q208,15,3,1,136.51,14.48
KAL16-320,QS10-9382,16,3,1,164.47,15.56
KAL16-320,QS10-7087,1,4,1,188.82,16.06
KAL16-320,QS10-8340,2,4,1,121.05,14.84
KAL16-320,KQ228,3,4,1,191.45,15.05
KAL16-320,QS10-8551,4,4,1,153.95,13.52
KAL16-320,QK13-1173,5,4,1,104.61,16.43
KAL16-320,QS10-9174,6,4,1,68.42,11.7
KAL16-320,QS10-7653,7,4,1,165.79,13.9
KAL16-320,KQ10-1754,8,4,1,116.45,14.3
KAL16-320,QK13-1715,9,4,1,119.08,13.74
KAL16-320,KQ13-2306,10,4,1,142.11,16.83
KAL16-320,QS10-9252,11,4,1,117.76,14.96
KAL16-320,QK13-2052,12,4,1,157.89,16.08
KAL16-320,KQB12-36551,13,4,1,136.84,16.05
KAL16-320,QK13-1239,14,4,1,115.79,14.06
KAL16-320,KQ11-1584,15,4,1,155.26,14.82
KAL16-320,KQ13-2410,16,4,1,126.97,15.47
KAL16-320,QS10-8901,1,5,1,106.58,16.3
KAL16-320,QS10-7678,2,5,1,105.26,15.75
KAL16-320,KQ10-1602,3,5,1,63.16,13.34
KAL16-320,QK13-1757,4,5,1,138.16,15.65
KAL16-320,QS10-7717,5,5,1,113.16,14.3
KAL16-320,QS10-8798,6,5,1,138.16,13.61
KAL16-320,QK13-1569,7,5,1,99.34,15.27
KAL16-320,QS10-8770,8,5,1,126.97,15.3
KAL16-320,QS08-878,9,5,1,107.89,15.96
KAL16-320,QS10-7173,10,5,1,85.53,16.87
KAL16-320,QK13-1934,11,5,1,126.97,14.76
KAL16-320,QS10-9502,12,5,1,93.42,14
KAL16-320,Q240,13,5,1,113.82,16.38
KAL16-320,QS10-7917,14,5,1,78.29,16.75
KAL16-320,QS10-9481,15,5,1,119.74,15.61
KAL16-320,QK13-1976,16,5,1,135.53,14.75
KAL16-320,QS08-8041,1,6,1,108.55,16.95
KAL16-320,SRA21,2,6,1,130.26,15.11
KAL16-320,QK13-1658,3,6,1,99.34,14.09
KAL16-320,QS10-8242,4,6,1,121.05,16.36
KAL16-320,QS10-9032,5,6,1,101.32,14.69
KAL16-320,QS10-8788,6,6,1,133.55,15.98
KAL16-320,Q208,7,6,1,116.45,15.46
KAL16-320,QS10-7995,8,6,1,67.11,15.15
KAL16-320,KQ13-1010,9,6,1,115.13,16.67
KAL16-320,QS10-7569,10,6,1,130.92,14.68
KAL16-320,QS10-7424,11,6,1,107.89,13.22
KAL16-320,QC04-6104,12,6,1,135.53,15.86
KAL16-320,QK13-1686,13,6,1,104.61,14.1
KAL16-320,QS10-8906,14,6,1,103.95,15.81
KAL16-320,QC03-743,15,6,1,140.13,14.33
KAL16-320,QA09-1049,16,6,1,147.37,16.3
KAL16-320,KQ13-1074,1,7,1,145.39,15.69
KAL16-320,Q240,2,7,1,122.37,16.05
KAL16-320,QS10-8025,3,7,1,129.61,12.63
KAL16-320,KQB12-36552,4,7,1,149.34,15.02
KAL16-320,QK13-2186,5,7,1,84.21,11.24
KAL16-320,Q200,6,7,1,118.42,16.86
KAL16-320,QK13-1197,7,7,1,119.74,15.9
KAL16-320,KQ13-1894,8,7,1,127.63,17.03
KAL16-320,QK13-1412,9,7,1,110.53,15.27
KAL16-320,QK13-1303,10,7,1,85.53,16.4
KAL16-320,QS08-867,11,7,1,84.87,16.43
KAL16-320,QS10-9066,12,7,1,105.26,13.09
KAL16-320,QS10-7877,13,7,1,96.71,14.43
KAL16-320,QS08-984,14,7,1,101.32,15.83
KAL16-320,QC03-6066,15,7,1,94.74,16.85
KAL16-320,QS10-8249,16,7,1,157.89,15.13
KAL16-320,QA10-1130,1,8,1,143.42,16.56
KAL16-320,QN07-955,2,8,1,149.34,14.6
KAL16-320,KQ13-2475,3,8,1,123.68,13.3
KAL16-320,QS08-468,4,8,1,146.71,13.92
KAL16-320,QS10-7253,5,8,1,103.95,15.81
KAL16-320,QK10-2123,6,8,1,142.11,15.52
KAL16-320,QS10-9157,7,8,1,84.21,13.51
KAL16-320,KQ13-2347,8,8,1,130.26,14.05
KAL16-320,QS10-7749,9,8,1,180.26,15.65
KAL16-320,QK13-1133,10,8,1,90.13,11.52
KAL16-320,KQ11-1388,11,8,1,123.68,17.11
KAL16-320,QK13-1667,12,8,1,119.08,15.86
KAL16-320,QS10-9057,13,8,1,154.61,14.7
KAL16-320,QK13-2174,14,8,1,128.95,15.75
KAL16-320,QK13-1702,15,8,1,106.58,17.61
KAL16-320,QC04-874,16,8,1,148.03,13.2
KAL16-320,QS10-7642,1,9,1,60.53,17.42
KAL16-320,QK13-1410,2,9,1,109.87,14.46
KAL16-320,QS10-9511,3,9,1,97.37,14.76
KAL16-320,KQB12-36392,4,9,1,133.55,16.16
KAL16-320,Q183,5,9,1,113.16,17.66
KAL16-320,QS08-7636,6,9,1,103.29,16.75
KAL16-320,QS10-9193,7,9,1,111.18,15.76
KAL16-320,QS10-7839,8,9,1,89.47,16.16
KAL16-320,QS10-9094,9,9,1,114.47,14
KAL16-320,QS10-8498,10,9,1,155.26,16.37
KAL16-320,QK13-1170,11,9,1,95.39,15.32
KAL16-320,QS07-8200,12,9,1,96.71,16.32
KAL16-320,QK13-2130,13,9,1,120.39,16.01
KAL16-320,QS10-9361,14,9,1,116.45,15.88
KAL16-320,QK13-1974,15,9,1,122.37,13.99
KAL16-320,QS08-2113,16,9,1,113.16,17.32
KAL16-320,QS10-7315,1,10,1,,17.47
KAL16-320,QS10-9220,2,10,1,79.61,11.63
KAL16-320,QS10-7918,3,10,1,123.68,16.78
KAL16-320,QK13-2211,4,10,1,167.11,15.52
KAL16-320,QS10-9349,5,10,1,116.45,15.59
KAL16-320,QK13-2294,6,10,1,134.87,13.87
KAL16-320,QK13-1094,7,10,1,111.18,15.65
KAL16-320,QS08-8662,8,10,1,146.71,18.47
KAL16-320,QK13-1583,9,10,1,124.34,13.54
KAL16-320,QK13-2170,10,10,1,102.63,16.32
KAL16-320,KQB12-36553,11,10,1,103.95,15.92
KAL16-320,KQ13-2528,12,10,1,154.28,15.36
KAL16-320,QK13-1240,13,10,1,132.24,16.41
KAL16-320,QS08-9474,14,10,1,125,16.49
KAL16-320,QS08-8810,15,10,1,123.68,16.65
KAL16-320,QK13-1594,16,10,1,113.82,14.21
KAL16-320,QS10-8191,1,11,1,91.45,16.86
KAL16-320,QS10-7139,2,11,1,118.42,14.24
KAL16-320,QS10-7898,3,11,1,94.74,15.05
KAL16-320,QK13-1418,4,11,1,127.63,13.44
KAL16-320,QS07-9729,5,11,1,61.84,15.49
KAL16-320,QS10-8186,6,11,1,111.18,11.17
KAL16-320,QK13-2265,7,11,1,99.34,13.62
KAL16-320,QK13-2166,8,11,1,102.63,14.76
KAL16-320,QS10-7644,9,11,1,118.42,11.39
KAL16-320,KQ228,10,11,1,157.89,17.11
KAL16-320,QS10-8577,11,11,1,115.79,13.27
KAL16-320,QK13-1360,12,11,1,73.03,13.36
KAL16-320,QS08-220,13,11,1,132.89,14.65
KAL16-320,QS10-9282,14,11,1,121.71,16.22
KAL16-320,QK13-1187,15,11,1,135.53,16.57
KAL16-320,QS10-7742,16,11,1,101.97,16.03
KAL16-320,QS10-7916,1,12,2,128.29,17.4
KAL16-320,KQ13-2493,2,12,2,125,15
KAL16-320,QK13-1531,3,12,2,101.97,15.05
KAL16-320,QK13-1110,4,12,2,111.18,14.65
KAL16-320,QS10-8004,5,12,2,98.03,12.06
KAL16-320,QS10-9351,6,12,2,104.61,13.3
KAL16-320,QK13-2247,7,12,2,95.39,15.6
KAL16-320,QS10-7699,8,12,2,108.55,14.36
KAL16-320,Q208,9,12,2,149.34,16.35
KAL16-320,QS08-220,10,12,2,94.74,13.11
KAL16-320,QS10-7196,11,12,2,98.03,14.46
KAL16-320,QK13-2169,12,12,2,99.34,16.61
KAL16-320,QS08-878,13,12,2,136.84,
KAL16-320,QS10-7966,14,12,2,133.55,14.54
KAL16-320,QS10-9391,15,12,2,132.24,17
KAL16-320,QK13-1722,16,12,2,116.45,16.27
KAL16-320,QK13-1577,1,13,2,125.66,15.52
KAL16-320,KQ12-6453,2,13,2,77.63,16.04
KAL16-320,QS08-9474,3,13,2,104.61,16.26
KAL16-320,QS10-8697,4,13,2,133.55,15.74
KAL16-320,QS08-2113,5,13,2,111.18,16.99
KAL16-320,QK13-2171,6,13,2,95.39,14.28
KAL16-320,QC04-893,7,13,2,126.97,13.73
KAL16-320,QS10-7805,8,13,2,115.13,14.02
KAL16-320,QS10-8213,9,13,2,138.16,15.25
KAL16-320,QS10-8900,10,13,2,163.16,16.61
KAL16-320,QK13-1252,11,13,2,120.39,15.01
KAL16-320,QS10-8718,12,13,2,132.89,16.26
KAL16-320,QS10-7491,13,13,2,109.87,14.48
KAL16-320,Q183,14,13,2,95.39,17.2
KAL16-320,KQ13-1024,15,13,2,159.87,15.12
KAL16-320,QS08-8041,16,13,2,105.26,15.99
KAL16-320,QS10-7561,1,14,2,90.13,13.06
KAL16-320,QS10-8967,2,14,2,98.68,16.11
KAL16-320,QK13-1112,3,14,2,121.71,16.21
KAL16-320,KQ13-1824,4,14,2,168.75,14.65
KAL16-320,QS10-8942,5,14,2,73.68,
KAL16-320,KQ228,6,14,2,139.47,16.93
KAL16-320,KQB12-36415,7,14,2,142.11,16.26
KAL16-320,SRA20,8,14,2,123.68,12.34
KAL16-320,QK13-1378,9,14,2,116.45,16.23
KAL16-320,QS10-7701,10,14,2,144.08,16.33
KAL16-320,QK13-2278,11,14,2,101.32,15.55
KAL16-320,QS10-7536,12,14,2,163.82,16.97
KAL16-320,QS10-8366,13,14,2,136.84,16.48
KAL16-320,QS10-8782,14,14,2,117.76,16.01
KAL16-320,QS08-7636,15,14,2,96.71,14.43
KAL16-320,QK13-1115,16,14,2,158.55,15.36
KAL16-320,QK13-1373,1,15,2,136.18,14.18
KAL16-320,QS08-984,2,15,2,67.11,11.63
KAL16-320,KQ13-1039,3,15,2,107.24,14.04
KAL16-320,QS08-8460,4,15,2,95.39,16.07
KAL16-320,QS10-8748,5,15,2,98.68,16.24
KAL16-320,QS10-7628,6,15,2,101.32,15.8
KAL16-320,SRA21,7,15,2,148.03,16.57
KAL16-320,QS10-7703,8,15,2,118.42,15.31
KAL16-320,QK13-1121,9,15,2,126.32,15.25
KAL16-320,KQ13-1919,10,15,2,132.89,15.64
KAL16-320,QS10-9245,11,15,2,133.55,15.62
KAL16-320,QS10-8189,12,15,2,128.95,15.43
KAL16-320,KQ12-6441,13,15,2,123.68,15.12
KAL16-320,KQ13-2457,14,15,2,123.03,13.48
KAL16-320,QS10-8422,15,15,2,136.18,15.85
KAL16-320,QK13-2176,16,15,2,124.34,16.15
KAL16-320,QS10-7511,1,16,2,115.79,13.56
KAL16-320,QS10-7340,2,16,2,73.03,15.04
KAL16-320,QS10-9074,3,16,2,115.79,16.33
KAL16-320,QK13-1383,4,16,2,115.13,15.03
KAL16-320,KQ13-1015,5,16,2,122.37,14.59
KAL16-320,QS10-7680,6,16,2,155.92,12.89
KAL16-320,QS10-7210,7,16,2,168.42,13.98
KAL16-320,KQ11-1584,8,16,2,143.42,15.57
KAL16-320,KQ10-1602,9,16,2,142.76,17.26
KAL16-320,QK13-1479,10,16,2,126.97,16.32
KAL16-320,KQ13-1898,11,16,2,157.89,15.48
KAL16-320,QS08-8662,12,16,2,153.29,17.29
KAL16-320,QK13-1361,13,16,2,126.97,16.01
KAL16-320,KQ13-1029,14,16,2,117.76,13.08
KAL16-320,QK13-1724,15,16,2,128.95,11.54
KAL16-320,KQB12-36557,16,16,2,118.42,16.22
KAL16-320,QK13-1552,1,17,2,107.89,18.07
KAL16-320,KQ12-6457,2,17,2,94.08,15.59
KAL16-320,QS10-9385,3,17,2,91.45,15.42
KAL16-320,QS08-867,4,17,2,103.95,16.5
KAL16-320,QS10-9071,5,17,2,125,16.76
KAL16-320,KQ13-2410,6,17,2,125.66,14.78
KAL16-320,QS10-7666,7,17,2,92.76,16.68
KAL16-320,QK13-1948,8,17,2,82.89,16.26
KAL16-320,QK13-1465,9,17,2,90.13,13.78
KAL16-320,QS10-8686,10,17,2,100,15.65
KAL16-320,QK10-2123,11,17,2,119.74,12.41
KAL16-320,SRA10,12,17,2,136.18,16.16
KAL16-320,QK13-1192,13,17,2,150.66,15.11
KAL16-320,QN05-1778,14,17,2,85.53,15.56
KAL16-320,QS10-8087,15,17,2,144.08,16.05
KAL16-320,QK13-1222,16,17,2,140.13,14.66
KAL16-320,KQ11-1388,1,18,2,111.18,17.47
KAL16-320,QS10-9392,2,18,2,115.13,16.77
KAL16-320,QS10-8221,3,18,2,107.24,14.53
KAL16-320,QK13-1100,4,18,2,112.5,16.31
KAL16-320,QS10-7499,5,18,2,129.61,16.49
KAL16-320,QS10-8107,6,18,2,126.97,14.67
KAL16-320,KQ13-1006,7,18,2,130.26,13.25
KAL16-320,QS10-9248,8,18,2,146.71,15.09
KAL16-320,QK13-1386,9,18,2,120.39,14.4
KAL16-320,KQ13-1046,10,18,2,159.87,14.99
KAL16-320,Q240,11,18,2,158.22,15.89
KAL16-320,QK13-1982,12,18,2,132.24,12.18
KAL16-320,QK13-1594,13,18,2,145.39,14.07
KAL16-320,QS10-9451,14,18,2,161.84,16.94
KAL16-320,QK13-1572,15,18,2,132.24,15.65
KAL16-320,KQ12-6459,16,18,2,132.24,15.28
KAL16-320,KQB12-36549,1,19,2,142.11,16.72
KAL16-320,QA09-1049,2,19,2,107.24,15.32
KAL16-320,QS10-7972,3,19,2,92.76,14.24
KAL16-320,QK13-1503,4,19,2,143.42,15.86
KAL16-320,QK13-1349,5,19,2,81.58,17.92
KAL16-320,QS10-7065,6,19,2,127.63,16.66
KAL16-320,QK13-1668,7,19,2,111.84,14.03
KAL16-320,QS10-8134,8,19,2,99.34,14.76
KAL16-320,QS10-9097,9,19,2,120.39,12.87
KAL16-320,QS08-724,10,19,2,100,13.3
KAL16-320,QS08-401,11,19,2,113.82,15.14
KAL16-320,QK13-1457,12,19,2,109.87,14.75
KAL16-320,QS10-8879,13,19,2,114.47,14.59
KAL16-320,QK13-1740,14,19,2,102.63,14.96
KAL16-320,QS10-7513,15,19,2,125.66,15.6
KAL16-320,KQ228,16,19,2,168.42,14.44
KAL16-320,Q208,1,20,2,110.53,16.61
KAL16-320,QK13-1669,2,20,2,115.79,14.86
KAL16-320,QS10-9083,3,20,2,148.03,14.83
KAL16-320,QK13-1703,4,20,2,130.26,13.24
KAL16-320,QS10-8989,5,20,2,127.63,16.33
KAL16-320,QS10-7567,6,20,2,171.05,15.57
KAL16-320,QS06-8106,7,20,2,139.47,16.71
KAL16-320,QK13-1547,8,20,2,119.74,17.38
KAL16-320,QS10-7333,9,20,2,176.32,16.1
KAL16-320,KQ13-2419,10,20,2,155.26,13.6
KAL16-320,QS10-9544,11,20,2,111.84,15.38
KAL16-320,QK13-1563,12,20,2,176.97,16.19
KAL16-320,QS10-7328,13,20,2,158.55,15.1
KAL16-320,QA10-1130,14,20,2,202.63,16.36
KAL16-320,QK13-1186,15,20,2,139.47,15.21
KAL16-320,QS10-9007,16,20,2,146.05,15.79
KAL16-320,KQ13-1035,1,21,2,148.03,14.51
KAL16-320,QS10-8762,2,21,2,83.55,11.82
KAL16-320,QS07-9787,3,21,2,146.05,15.26
KAL16-320,Q183,4,21,2,132.24,15.85
KAL16-320,QS08-8810,5,21,2,139.47,16.93
KAL16-320,QS10-7627,6,21,2,117.11,16.74
KAL16-320,QS10-8749,7,21,2,98.03,14.14
KAL16-320,QK13-1714,8,21,2,138.82,14.08
KAL16-320,QS10-8146,9,21,2,153.29,14.34
KAL16-320,QK13-1494,10,21,2,121.05,14.76
KAL16-320,QS10-9092,11,21,2,116.12,14.41
KAL16-320,QS10-8372,12,21,2,151.97,15.45
KAL16-320,QK13-1181,13,21,2,133.55,15.27
KAL16-320,QS10-8337,14,21,2,91.45,16.12
KAL16-320,QA09-1589,15,21,2,199.34,16.6
KAL16-320,QS10-7769,16,21,2,147.37,15.49
KAL16-320,QK13-1666,1,22,2,101.64,15.5
KAL16-320,QK13-2072,2,22,2,112.5,15.76
KAL16-320,KQ10-1754,3,22,2,135.86,16.78
KAL16-320,QS10-8998,4,22,2,146.71,14.39
KAL16-320,QS10-9243,5,22,2,125.66,14.41
KAL16-320,QK13-1185,6,22,2,144.08,14.01
KAL16-320,QK13-1194,7,22,2,157.24,14.26
KAL16-320,Q240,8,22,2,130.92,14.79
KAL16-320,KQ13-1022,9,22,2,106.58,14.15
KAL16-320,QK13-1488,10,22,2,132.89,15.79
KAL16-320,QS10-8771,11,22,2,108.55,15.48
KAL16-320,QK13-2164,12,22,2,132.89,15.71
KAL16-320,QS10-7066,13,22,2,140.13,16.31
KAL16-320,QK13-1950,14,22,2,126.97,14.84
KAL16-320,KQ13-1062,15,22,2,146.05,15.77
KAL16-320,QS10-7276,16,22,2,171.71,14.45
KAL16-321,QS10-8657,1,1,1,76.97,14.08
KAL16-321,QS10-9530,2,1,1,130.92,17.62
KAL16-321,QK13-1734,3,1,1,126.97,18.68
KAL16-321,QS08-724,4,1,1,76.97,15.59
KAL16-321,KQ13-2474,5,1,1,123.03,17.5
KAL16-321,QS10-7268,6,1,1,148.68,16.51
KAL16-321,KQB12-36542,7,1,1,69.74,13.89
KAL16-321,KQ13-1047,8,1,1,129.61,13.01
KAL16-321,QS08-8460,9,1,1,133.55,18.95
KAL16-321,QK13-1757,10,1,1,86.18,16.46
KAL16-321,QK13-1612,11,1,1,105.92,16.5
KAL16-321,QC04-1420,12,1,1,145.39,17.77
KAL16-321,KQ13-1016,13,1,1,173.03,14.86
KAL16-321,QK13-1681,14,1,1,102.63,16.3
KAL16-321,KQB12-36543,15,1,1,89.47,17.05
KAL16-321,QS10-7953,16,1,1,105.92,18.15
KAL16-321,KQ12-6442,1,2,1,80.92,16.56
KAL16-321,QK13-2168,2,2,1,125,16.75
KAL16-321,KQB12-36414,3,2,1,119.08,16.48
KAL16-321,QK13-1114,4,2,1,124.34,15.35
KAL16-321,QK13-1416,5,2,1,100,16.15
KAL16-321,QS10-8952,6,2,1,111.18,14.92
KAL16-321,SRA10,7,2,1,141.45,19.11
KAL16-321,QS10-8720,8,2,1,101.32,15.91
KAL16-321,QS10-7660,9,2,1,127.63,18.93
KAL16-321,QS10-9560,10,2,1,105.92,18.82
KAL16-321,QK13-1346,11,2,1,96.05,18.6
KAL16-321,Q183,12,2,1,115.79,19.39
KAL16-321,QS10-8791,13,2,1,115.13,16.3
KAL16-321,QS10-7526,14,2,1,119.08,15.94
KAL16-321,QK13-1932,15,2,1,156.58,15.71
KAL16-321,QS10-8311,16,2,1,149.34,17.04
KAL16-321,QK13-1949,1,3,1,107.89,18.36
KAL16-321,KQ13-2369,2,3,1,154.61,17.78
KAL16-321,QS10-7336,3,3,1,99.34,15.25
KAL16-321,QA09-1589,4,3,1,153.95,18.37
KAL16-321,QK13-1212,5,3,1,108.55,17.16
KAL16-321,QS10-8415,6,3,1,126.32,16.59
KAL16-321,QS10-7130,7,3,1,135.53,15.31
KAL16-321,KQ13-2512,8,3,1,142.11,
KAL16-321,QK13-1986,9,3,1,98.03,18.9
KAL16-321,QK13-1284,10,3,1,110.53,14.52
KAL16-321,QK13-1539,11,3,1,90.79,18.22
KAL16-321,KQ13-1037,12,3,1,138.82,17.01
KAL16-321,QK13-1753,13,3,1,125,17.84
KAL16-321,QK13-1396,14,3,1,103.29,16.17
KAL16-321,Q208,15,3,1,136.18,17.92
KAL16-321,QS10-9382,16,3,1,102.63,16.27
KAL16-321,QS10-7087,1,4,1,157.24,17.39
KAL16-321,QS10-8340,2,4,1,121.05,17.34
KAL16-321,KQ228,3,4,1,176.32,17.73
KAL16-321,QS10-8551,4,4,1,128.29,15.32
KAL16-321,QK13-1173,5,4,1,149.34,18.59
KAL16-321,QS10-9174,6,4,1,84.87,16.82
KAL16-321,QS10-7653,7,4,1,148.03,15.89
KAL16-321,KQ10-1754,8,4,1,130.26,15.75
KAL16-321,QK13-1715,9,4,1,119.08,17.18
KAL16-321,KQ13-2306,10,4,1,124.34,17.22
KAL16-321,QS10-9252,11,4,1,103.95,15.95
KAL16-321,QK13-2052,12,4,1,146.71,16.99
KAL16-321,KQB12-36551,13,4,1,144.08,19.2
KAL16-321,QK13-1239,14,4,1,124.34,16.89
KAL16-321,KQ11-1584,15,4,1,161.18,19.43
KAL16-321,KQ13-2410,16,4,1,135.53,19.07
KAL16-321,QS10-8901,1,5,1,107.89,18.34
KAL16-321,QS10-7678,2,5,1,88.82,16.16
KAL16-321,KQ10-1602,3,5,1,75.66,16.9
KAL16-321,QK13-1757,4,5,1,125.66,15.95
KAL16-321,QS10-7717,5,5,1,96.71,15.73
KAL16-321,QS10-8798,6,5,1,136.84,16.03
KAL16-321,QK13-1569,7,5,1,100,17.25
KAL16-321,QS10-8770,8,5,1,116.45,17.22
KAL16-321,QS08-878,9,5,1,118.42,17.4
KAL16-321,QS10-7173,10,5,1,90.79,17.04
KAL16-321,QK13-1934,11,5,1,125.66,17.27
KAL16-321,QS10-9502,12,5,1,91.45,16.16
KAL16-321,Q240,13,5,1,113.16,18.4
KAL16-321,QS10-7917,14,5,1,93.42,18.11
KAL16-321,QS10-9481,15,5,1,119.08,15.98
KAL16-321,QK13-1976,16,5,1,115.13,17.03
KAL16-321,QS08-8041,1,6,1,151.97,19.65
KAL16-321,SRA21,2,6,1,121.05,17.16
KAL16-321,QK13-1658,3,6,1,73.03,16.02
KAL16-321,QS10-8242,4,6,1,114.47,18.88
KAL16-321,QS10-9032,5,6,1,98.68,17.43
KAL16-321,QS10-8788,6,6,1,108.55,18.27
KAL16-321,Q208,7,6,1,144.08,18.96
KAL16-321,QS10-7995,8,6,1,73.03,18.59
KAL16-321,KQ13-1010,9,6,1,98.03,17.58
KAL16-321,QS10-7569,10,6,1,92.11,17.33
KAL16-321,QS10-7424,11,6,1,96.71,15.71
KAL16-321,QC04-6104,12,6,1,148.03,18.16
KAL16-321,QK13-1686,13,6,1,111.18,18.09
KAL16-321,QS10-8906,14,6,1,80.92,16.25
KAL16-321,QC03-743,15,6,1,134.87,17.28
KAL16-321,QA09-1049,16,6,1,137.5,19.77
KAL16-321,KQ13-1074,1,7,1,115.79,17.23
KAL16-321,Q240,2,7,1,142.11,17.74
KAL16-321,QS10-8025,3,7,1,134.87,16.32
KAL16-321,KQB12-36552,4,7,1,125.66,18.39
KAL16-321,QK13-2186,5,7,1,74.34,17.84
KAL16-321,Q200,6,7,1,101.32,19.33
KAL16-321,QK13-1197,7,7,1,119.74,18.11
KAL16-321,KQ13-1894,8,7,1,124.34,18.47
KAL16-321,QK13-1412,9,7,1,116.45,16.81
KAL16-321,QK13-1303,10,7,1,113.82,18.07
KAL16-321,QS08-867,11,7,1,82.89,16.85
KAL16-321,QS10-9066,12,7,1,92.76,15.87
KAL16-321,QS10-7877,13,7,1,105.26,17.37
KAL16-321,QS08-984,14,7,1,77.63,16.32
KAL16-321,QC03-6066,15,7,1,107.89,16.31
KAL16-321,QS10-8249,16,7,1,118.42,17
KAL16-321,QA10-1130,1,8,1,168.42,19.1
KAL16-321,QN07-955,2,8,1,113.82,17.21
KAL16-321,KQ13-2475,3,8,1,138.16,16.96
KAL16-321,QS08-468,4,8,1,103.95,17.55
KAL16-321,QS10-7253,5,8,1,82.89,18.52
KAL16-321,QK10-2123,6,8,1,142.76,16.24
KAL16-321,QS10-9157,7,8,1,89.47,15.87
KAL16-321,KQ13-2347,8,8,1,121.05,15.11
KAL16-321,QS10-7749,9,8,1,116.45,16.63
KAL16-321,QK13-1133,10,8,1,70.39,13.76
KAL16-321,KQ11-1388,11,8,1,114.47,17.96
KAL16-321,QK13-1667,12,8,1,107.24,17.63
KAL16-321,QS10-9057,13,8,1,140.13,17.01
KAL16-321,QK13-2174,14,8,1,127.63,16.17
KAL16-321,QK13-1702,15,8,1,132.24,17.84
KAL16-321,QC04-874,16,8,1,161.84,16.52
KAL16-321,QS10-7642,1,9,1,136.84,17.41
KAL16-321,QK13-1410,2,9,1,123.03,16.24
KAL16-321,QS10-9511,3,9,1,105.92,18.32
KAL16-321,KQB12-36392,4,9,1,148.03,18.33
KAL16-321,Q183,5,9,1,100,19.04
KAL16-321,QS08-7636,6,9,1,123.68,18.69
KAL16-321,QS10-9193,7,9,1,95.39,17.71
KAL16-321,QS10-7839,8,9,1,83.55,16.9
KAL16-321,QS10-9094,9,9,1,146.05,15.5
KAL16-321,QS10-8498,10,9,1,93.42,16.83
KAL16-321,QK13-1170,11,9,1,150.66,17.7
KAL16-321,QS07-8200,12,9,1,81.58,18.44
KAL16-321,QK13-2130,13,9,1,103.29,17.87
KAL16-321,QS10-9361,14,9,1,103.95,18.05
KAL16-321,QK13-1974,15,9,1,97.37,15.68
KAL16-321,QS08-2113,16,9,1,110.53,19.48
KAL16-321,QS10-7315,1,10,1,151.97,20.2
KAL16-321,QS10-9220,2,10,1,106.58,14.99
KAL16-321,QS10-7918,3,10,1,123.03,18.32
KAL16-321,QK13-2211,4,10,1,144.74,15.94
KAL16-321,QS10-9349,5,10,1,106.58,17.52
KAL16-321,QK13-2294,6,10,1,111.84,18.64
KAL16-321,QK13-1094,7,10,1,105.92,18.49
KAL16-321,QS08-8662,8,10,1,146.05,20.03
KAL16-321,QK13-1583,9,10,1,101.97,15.06
KAL16-321,QK13-2170,10,10,1,100,17.93
KAL16-321,KQB12-36553,11,10,1,76.32,17.73
KAL16-321,KQ13-2528,12,10,1,121.05,18.07
KAL16-321,QK13-1240,13,10,1,107.89,17.87
KAL16-321,QS08-9474,14,10,1,127.63,17.72
KAL16-321,QS08-8810,15,10,1,111.18,19.07
KAL16-321,QK13-1594,16,10,1,119.74,17.12
KAL16-321,QS10-8191,1,11,1,101.97,18.24
KAL16-321,QS10-7139,2,11,1,108.55,16.75
KAL16-321,QS10-7898,3,11,1,94.74,18.84
KAL16-321,QK13-1418,4,11,1,129.61,16.95
KAL16-321,QS07-9729,5,11,1,90.79,17.32
KAL16-321,QS10-8186,6,11,1,107.24,17.28
KAL16-321,QK13-2265,7,11,1,84.87,17.65
KAL16-321,QK13-2166,8,11,1,103.95,18.01
KAL16-321,QS10-7644,9,11,1,88.82,16.67
KAL16-321,KQ228,10,11,1,103.95,18.7
KAL16-321,QS10-8577,11,11,1,79.61,15.67
KAL16-321,QK13-1360,12,11,1,99.34,17.17
KAL16-321,QS08-220,13,11,1,125,19.08
KAL16-321,QS10-9282,14,11,1,66.45,17.33
KAL16-321,QK13-1187,15,11,1,70.39,17.78
KAL16-321,QS10-7742,16,11,1,89.47,16.93
KAL16-321,QS10-7916,1,12,2,129.61,19.13
KAL16-321,KQ13-2493,2,12,2,157.89,18.1
KAL16-321,QK13-1531,3,12,2,106.58,18.08
KAL16-321,QK13-1110,4,12,2,122.37,16.5
KAL16-321,QS10-8004,5,12,2,98.68,15.74
KAL16-321,QS10-9351,6,12,2,96.71,16.21
KAL16-321,QK13-2247,7,12,2,71.05,17.25
KAL16-321,QS10-7699,8,12,2,115.13,17.13
KAL16-321,Q208,9,12,2,121.71,17.7
KAL16-321,QS08-220,10,12,2,117.11,17.41
KAL16-321,QS10-7196,11,12,2,103.29,18.84
KAL16-321,QK13-2169,12,12,2,101.97,18.25
KAL16-321,QS08-878,13,12,2,107.89,18.03
KAL16-321,QS10-7966,14,12,2,141.45,17.05
KAL16-321,QS10-9391,15,12,2,152.63,19.36
KAL16-321,QK13-1722,16,12,2,84.87,18.1
KAL16-321,QK13-1577,1,13,2,123.03,17.48
KAL16-321,KQ12-6453,2,13,2,69.08,18.4
KAL16-321,QS08-9474,3,13,2,118.42,18.84
KAL16-321,QS10-8697,4,13,2,134.87,18.99
KAL16-321,QS08-2113,5,13,2,89.47,19.5
KAL16-321,QK13-2171,6,13,2,101.97,17.02
KAL16-321,QC04-893,7,13,2,136.84,19.15
KAL16-321,QS10-7805,8,13,2,88.82,15.74
KAL16-321,QS10-8213,9,13,2,105.92,18.1
KAL16-321,QS10-8900,10,13,2,101.97,17.83
KAL16-321,QK13-1252,11,13,2,120.39,19.86
KAL16-321,QS10-8718,12,13,2,101.97,18.7
KAL16-321,QS10-7491,13,13,2,102.63,18.7
KAL16-321,Q183,14,13,2,96.71,18.95
KAL16-321,KQ13-1024,15,13,2,111.84,17.07
KAL16-321,QS08-8041,16,13,2,107.89,19.07
KAL16-321,QS10-7561,1,14,2,90.79,18.23
KAL16-321,QS10-8967,2,14,2,100,17.95
KAL16-321,QK13-1112,3,14,2,103.95,18.49
KAL16-321,KQ13-1824,4,14,2,101.32,16.47
KAL16-321,QS10-8942,5,14,2,81.58,17.49
KAL16-321,KQ228,6,14,2,146.05,18.32
KAL16-321,KQB12-36415,7,14,2,144.08,17.43
KAL16-321,SRA20,8,14,2,80.26,14.12
KAL16-321,QK13-1378,9,14,2,91.45,17.52
KAL16-321,QS10-7701,10,14,2,81.58,17.89
KAL16-321,QK13-2278,11,14,2,101.32,18.67
KAL16-321,QS10-7536,12,14,2,136.84,18.45
KAL16-321,QS10-8366,13,14,2,101.97,17.27
KAL16-321,QS10-8782,14,14,2,94.08,17.07
KAL16-321,QS08-7636,15,14,2,142.11,19.93
KAL16-321,QK13-1115,16,14,2,100,18.28
KAL16-321,QK13-1373,1,15,2,124.34,18.36
KAL16-321,QS08-984,2,15,2,73.68,16.07
KAL16-321,KQ13-1039,3,15,2,93.42,17.17
KAL16-321,QS08-8460,4,15,2,117.11,18.34
KAL16-321,QS10-8748,5,15,2,89.47,16.63
KAL16-321,QS10-7628,6,15,2,76.97,16.54
KAL16-321,SRA21,7,15,2,101.97,19.1
KAL16-321,QS10-7703,8,15,2,103.29,17.36
KAL16-321,QK13-1121,9,15,2,103.29,17
KAL16-321,KQ13-1919,10,15,2,107.24,17.62
KAL16-321,QS10-9245,11,15,2,123.03,17
KAL16-321,QS10-8189,12,15,2,119.74,18.1
KAL16-321,KQ12-6441,13,15,2,80.92,17.36
KAL16-321,KQ13-2457,14,15,2,104.61,
KAL16-321,QS10-8422,15,15,2,126.32,18.69
KAL16-321,QK13-2176,16,15,2,94.08,18.28
KAL16-321,QS10-7511,1,16,2,101.97,18.17
KAL16-321,QS10-7340,2,16,2,71.71,16.69
KAL16-321,QS10-9074,3,16,2,94.08,18.04
KAL16-321,QK13-1383,4,16,2,106.58,16.44
KAL16-321,KQ13-1015,5,16,2,116.45,15.88
KAL16-321,QS10-7680,6,16,2,128.29,17.86
KAL16-321,QS10-7210,7,16,2,153.95,16.75
KAL16-321,KQ11-1584,8,16,2,139.47,18.06
KAL16-321,KQ10-1602,9,16,2,135.53,17.93
KAL16-321,QK13-1479,10,16,2,132.24,17.88
KAL16-321,KQ13-1898,11,16,2,145.39,17.8
KAL16-321,QS08-8662,12,16,2,134.87,19.07
KAL16-321,QK13-1361,13,16,2,122.37,18.26
KAL16-321,KQ13-1029,14,16,2,92.11,18.17
KAL16-321,QK13-1724,15,16,2,117.76,17.96
KAL16-321,KQB12-36557,16,16,2,79.61,16.56
KAL16-321,QK13-1552,1,17,2,110.53,19.94
KAL16-321,KQ12-6457,2,17,2,78.29,18.74
KAL16-321,QS10-9385,3,17,2,85.53,15.33
KAL16-321,QS08-867,4,17,2,116.45,16.65
KAL16-321,QS10-9071,5,17,2,103.95,18.43
KAL16-321,KQ13-2410,6,17,2,96.05,18.26
KAL16-321,QS10-7666,7,17,2,75,18
KAL16-321,QK13-1948,8,17,2,71.05,17.22
KAL16-321,QK13-1465,9,17,2,75.66,14.12
KAL16-321,QS10-8686,10,17,2,109.87,18.91
KAL16-321,QK10-2123,11,17,2,107.24,18.61
KAL16-321,SRA10,12,17,2,101.32,18.32
KAL16-321,QK13-1192,13,17,2,119.08,17.3
KAL16-321,QN05-1778,14,17,2,64.47,17.52
KAL16-321,QS10-8087,15,17,2,105.26,18.66
KAL16-321,QK13-1222,16,17,2,94.74,20.44
KAL16-321,KQ11-1388,1,18,2,77.63,20.17
KAL16-321,QS10-9392,2,18,2,84.87,16
KAL16-321,QS10-8221,3,18,2,87.5,16.68
KAL16-321,QK13-1100,4,18,2,111.18,18.19
KAL16-321,QS10-7499,5,18,2,108.55,17.87
KAL16-321,QS10-8107,6,18,2,118.42,18.87
KAL16-321,KQ13-1006,7,18,2,105.26,14.19
KAL16-321,QS10-9248,8,18,2,88.82,17.79
KAL16-321,QK13-1386,9,18,2,119.74,17.53
KAL16-321,KQ13-1046,10,18,2,90.79,15.45
KAL16-321,Q240,11,18,2,134.21,17.58
KAL16-321,QK13-1982,12,18,2,125,16.64
KAL16-321,QK13-1594,13,18,2,97.37,17.01
KAL16-321,QS10-9451,14,18,2,146.05,16.94
KAL16-321,QK13-1572,15,18,2,127.63,16.96
KAL16-321,KQ12-6459,16,18,2,111.18,18.72
KAL16-321,KQB12-36549,1,19,2,129.61,18.25
KAL16-321,QA09-1049,2,19,2,135.53,19.3
KAL16-321,QS10-7972,3,19,2,94.08,16.94
KAL16-321,QK13-1503,4,19,2,117.11,19.54
KAL16-321,QK13-1349,5,19,2,77.63,19.96
KAL16-321,QS10-7065,6,19,2,125.66,18.3
KAL16-321,QK13-1668,7,19,2,111.84,15.55
KAL16-321,QS10-8134,8,19,2,110.53,16.9
KAL16-321,QS10-9097,9,19,2,99.34,17.9
KAL16-321,QS08-724,10,19,2,77.63,17.98
KAL16-321,QS08-401,11,19,2,75.66,18.69
KAL16-321,QK13-1457,12,19,2,88.16,17.11
KAL16-321,QS10-8879,13,19,2,108.55,17.15
KAL16-321,QK13-1740,14,19,2,59.87,17.41
KAL16-321,QS10-7513,15,19,2,106.58,17.27
KAL16-321,KQ228,16,19,2,130.92,19
KAL16-321,Q208,1,20,2,144.74,18.31
KAL16-321,QK13-1669,2,20,2,111.18,17.73
KAL16-321,QS10-9083,3,20,2,115.13,17.39
KAL16-321,QK13-1703,4,20,2,133.55,15.87
KAL16-321,QS10-8989,5,20,2,143.42,18.61
KAL16-321,QS10-7567,6,20,2,141.45,16.03
KAL16-321,QS06-8106,7,20,2,107.89,20.21
KAL16-321,QK13-1547,8,20,2,104.61,19.3
KAL16-321,QS10-7333,9,20,2,143.42,17.67
KAL16-321,KQ13-2419,10,20,2,142.76,17.87
KAL16-321,QS10-9544,11,20,2,117.76,16.34
KAL16-321,QK13-1563,12,20,2,106.58,17.97
KAL16-321,QS10-7328,13,20,2,98.68,17.54
KAL16-321,QA10-1130,14,20,2,139.47,18.15
KAL16-321,QK13-1186,15,20,2,94.74,18.52
KAL16-321,QS10-9007,16,20,2,119.08,18.75
KAL16-321,KQ13-1035,1,21,2,102.63,14.81
KAL16-321,QS10-8762,2,21,2,98.36,15.71
KAL16-321,QS07-9787,3,21,2,136.84,15.89
KAL16-321,Q183,4,21,2,135.53,18.58
KAL16-321,QS08-8810,5,21,2,121.71,19.06
KAL16-321,QS10-7627,6,21,2,94.08,18.04
KAL16-321,QS10-8749,7,21,2,107.89,16.26
KAL16-321,QK13-1714,8,21,2,102.63,17.14
KAL16-321,QS10-8146,9,21,2,94.74,18.22
KAL16-321,QK13-1494,10,21,2,80.92,17.36
KAL16-321,QS10-9092,11,21,2,96.71,17.52
KAL16-321,QS10-8372,12,21,2,96.05,17.4
KAL16-321,QK13-1181,13,21,2,70.39,16.87
KAL16-321,QS10-8337,14,21,2,71.71,16.3
KAL16-321,QA09-1589,15,21,2,150,19.06
KAL16-321,QS10-7769,16,21,2,124.34,19.06
KAL16-321,QK13-1666,1,22,2,107.89,16.1
KAL16-321,QK13-2072,2,22,2,111.84,18.88
KAL16-321,KQ10-1754,3,22,2,123.68,18.22
KAL16-321,QS10-8998,4,22,2,94.74,17.08
KAL16-321,QS10-9243,5,22,2,106.58,17.24
KAL16-321,QK13-1185,6,22,2,163.82,17.1
KAL16-321,QK13-1194,7,22,2,152.63,17.55
KAL16-321,Q240,8,22,2,113.16,18.44
KAL16-321,KQ13-1022,9,22,2,115.13,14.97
KAL16-321,QK13-1488,10,22,2,132.24,19.04
KAL16-321,QS10-8771,11,22,2,86.18,17.01
KAL16-321,QK13-2164,12,22,2,94.74,17.44
KAL16-321,QS10-7066,13,22,2,119.08,18.87
KAL16-321,QK13-1950,14,22,2,84.87,18.59
KAL16-321,KQ13-1062,15,22,2,143.42,18.36
KAL16-321,QS10-7276,16,22,2,86.18,16.55
